1398
1402
1406
1407
1408
1412
1413
1414
1418
1422
1426
1427
1428
1432
1602
1606
1607
1608
1612
1613
1614
1617
1618
1622
1623
1624
1626
1630
1631
1632
1635
1636
1638
1640
1644
1645
1646
1650
1654
1796
1800
1801
1802
1806
1807
1808
1812
1813
1814
1816
1820
1821
1822
1826
1827
1828
1831
1832
1834
1838
1839
1840
1843
1844
1847
1848
1850
1852
1854
1856
1868
1871
1872
1875
1876
1879
1880
1885
1886
2001
2002
2003
2004
2008
2009
2010
2014
2015
2016
2018
2022
2023
2024
2028
2029
2030
2032
2036
2037
2038
2041
2042
2044
2048
2049
2050
2053
2054
2057
2058
2061
2062
2065
2066
2069
2070
2073
2074
2077
2078
2081
2082
2085
2086
2089
2090
2093
2094
2097
2098
2103
2104
2206
2210
2211
2212
2215
2216
2219
2220
2223
2224
2228
2229
2230
2234
2235
2236
2238
2242
2243
2244
2246
2250
2251
2252
2255
2256
2258
2260
2262
2264
2266
2268
2270
2272
2275
2276
2279
2280
2283
2284
2287
2288
2291
2292
2295
2296
2300
2301
2302
2305
2389
2390
2395
2396
2397
2398
2402
2403
2404
2408
2409
2410
2414
2415
2416
2420
2421
2422
2426
2427
2428
2430
2434
2435
2436
2438
2442
2443
2444
2446
2448
2450
2454
2455
2456
2459
2460
2463
2464
2467
2468
2471
2472
2475
2476
2479
2480
2482
2484
2487
2488
2491
2492
2495
2496
2499
2500
2503
2504
2508
2509
2510
2515
2516
2595
2596
2597
2598
2603
2604
2605
2606
2609
2610
2615
2616
2617
2618
2622
2623
2624
2628
2629
2630
2632
2635
2636
2640
2641
2642
2644
2648
2649
2650
2652
2654
2658
2659
2660
2663
2664
2666
2668
2670
2672
2674
2676
2679
2680
2683
2684
2687
2688
2690
2693
2694
2697
2698
2701
2702
2705
2706
2709
2710
2713
2714
2718
2719
2720
2725
2726
2780
2781
2782
2783
2784
2790
2791
2792
2793
2794
2797
2798
2803
2804
2805
2806
2809
2810
2813
2814
2817
2818
2822
2823
2824
2826
2829
2830
2834
2835
2836
2838
2840
2844
2845
2846
2848
2850
2852
2854
2856
2858
2860
2862
2864
2866
2869
2870
2873
2874
2876
2879
2880
2883
2884
2887
2888
2891
2892
2895
2896
2899
2900
2903
2904
2910
2956
2957
2958
2965
2966
2967
2968
2969
2970
2974
2975
2976
2981
2982
2983
2984
2987
2988
2991
2992
2995
2996
2999
3000
3003
3004
3008
3009
3010
3012
3015
3016
3018
3022
3023
3024
3026
3028
3030
3034
3035
3036
3039
3040
3043
3044
3047
3048
3051
3052
3055
3056
3059
3060
3062
3064
3067
3068
3071
3072
3074
3077
3078
3081
3082
3085
3086
3089
3090
3093
3094
3097
3098
3101
3102
3150
3151
3152
3153
3154
3155
3156
3161
3162
3163
3164
3170
3171
3172
3173
3174
3177
3178
3183
3184
3185
3186
3190
3191
3192
3196
3197
3198
3202
3203
3204
3206
3209
3210
3214
3215
3216
3218
3220
3223
3224
3226
3228
3232
3233
3234
3236
3238
3240
3242
3244
3246
3249
3250
3253
3254
3256
3258
3261
3262
3264
3267
3268
3271
3272
3275
3276
3279
3280
3284
3285
3286
3290
3291
3292
3296
3297
3298
3303
3304
3342
3343
3344
3345
3346
3347
3348
3349
3350
3356
3357
3358
3359
3360
3364
3365
3366
3369
3370
3374
3375
3376
3379
3380
3383
3384
3387
3388
3390
3393
3394
3397
3398
3400
3404
3405
3406
3408
3410
3414
3415
3416
3418
3420
3422
3424
3426
3428
3430
3432
3435
3436
3439
3440
3442
3445
3446
3449
3450
3452
3455
3456
3459
3460
3462
3465
3466
3469
3470
3473
3474
3478
3479
3480
3517
3518
3519
3520
3521
3522
3523
3524
3529
3530
3531
3532
3536
3537
3538
3543
3544
3545
3546
3549
3550
3553
3554
3557
3558
3561
3562
3566
3567
3568
3570
3573
3574
3576
3579
3580
3582
3584
3587
3588
3590
3592
3594
3596
3598
3600
3602
3604
3606
3609
3610
3612
3614
3617
3618
3620
3623
3624
3627
3628
3631
3632
3635
3636
3639
3640
3643
3644
3648
3649
3650
3655
3656
3685
3686
3687
3688
3689
3690
3691
3692
3697
3698
3699
3700
3704
3705
3706
3710
3711
3712
3715
3716
3719
3720
3723
3724
3727
3728
3731
3732
3734
3737
3738
3740
3743
3744
3746
3748
3751
3752
3754
3756
3758
3760
3762
3764
3766
3768
3770
3773
3774
3776
3778
3781
3782
3784
3787
3788
3790
3793
3794
3797
3798
3801
3802
3805
3806
3809
3810
3814
3815
3816
3822
3845
3846
3847
3848
3849
3850
3851
3852
3857
3858
3859
3860
3864
3865
3866
3870
3871
3872
3875
3876
3879
3880
3883
3884
3887
3888
3891
3892
3894
3897
3898
3900
3903
3904
3906
3908
3911
3912
3914
3916
3918
3920
3922
3924
3926
3928
3930
3933
3934
3936
3938
3941
3942
3944
3947
3948
3950
3953
3954
3957
3958
3961
3962
3965
3966
3969
3970
3974
3975
3976
3981
3982
4004
4005
4006
4007
4008
4009
4010
4011
4012
4017
4018
4019
4020
4024
4025
4026
4030
4031
4032
4035
4036
4039
4040
4043
4044
4047
4048
4051
4052
4054
4057
4058
4060
4063
4064
4066
4068
4071
4072
4074
4076
4078
4080
4082
4084
4086
4088
4090
4093
4094
4096
4098
4101
4102
4104
4107
4108
4110
4113
4114
4117
4118
4121
4122
4125
4126
4129
4130
4134
4135
4136
4140
4141
4142
4150
4163
4164
4165
4166
4167
4168
4169
4170
4171
4172
4177
4178
4179
4180
4184
4185
4186
4190
4191
4192
4196
4197
4198
4201
4202
4205
4206
4209
4210
4213
4214
4217
4218
4221
4222
4224
4227
4228
4230
4232
4235
4236
4238
4240
4242
4244
4246
4248
4250
4252
4254
4257
4258
4260
4262
4265
4266
4268
4271
4272
4276
4277
4278
4280
4283
4284
4287
4288
4291
4292
4297
4298
4299
4300
4303
4304
4308
4309
4310
4317
4318
4331
4332
4333
4334
4335
4336
4337
4338
4339
4340
4346
4347
4348
4349
4350
4355
4356
4357
4358
4361
4362
4366
4367
4368
4371
4372
4375
4376
4379
4380
4382
4385
4386
4389
4390
4392
4395
4396
4399
4400
4402
4405
4406
4409
4410
4412
4414
4416
4418
4420
4422
4424
4428
4429
4430
4432
4434
4438
4439
4440
4442
4444
4447
4448
4451
4452
4454
4457
4458
4461
4462
4465
4466
4470
4471
4472
4475
4476
4482
4483
4484
4485
4486
4507
4508
4509
4510
4511
4512
4513
4514
4520
4521
4522
4523
4524
4529
4530
4531
4532
4536
4537
4538
4542
4543
4544
4548
4549
4550
4554
4555
4556
4560
4561
4562
4565
4566
4569
4570
4573
4574
4577
4578
4580
4583
4584
4586
4588
4591
4592
4595
4596
4598
4600
4602
4604
4606
4610
4611
4612
4614
4616
4618
4621
4622
4624
4628
4629
4630
4632
4635
4636
4640
4641
4642
4646
4647
4648
4652
4653
4654
4658
4659
4660
4663
4664
4669
4670
4671
4672
4676
4677
4678
4698
4699
4700
4701
4702
4711
4712
4713
4714
4715
4716
4717
4718
4723
4724
4725
4726
4730
4731
4732
4736
4737
4738
4741
4742
4745
4746
4749
4750
4753
4754
4757
4758
4761
4762
4765
4766
4768
4771
4772
4775
4776
4778
4780
4783
4784
4787
4788
4791
4792
4795
4796
4799
4800
4803
4804
4806
4808
4810
4814
4815
4816
4818
4820
4823
4824
4828
4829
4830
4832
4835
4836
4839
4840
4843
4844
4847
4848
4853
4854
4855
4856
4859
4860
4869
4870
4896
4897
4898
4899
4900
4901
4902
4908
4909
4910
4911
4912
4916
4917
4918
4922
4923
4924
4928
4929
4930
4933
4934
4937
4938
4941
4942
4945
4946
4949
4950
4953
4954
4957
4958
4960
4963
4964
4967
4968
4970
4972
4974
4976
4978
4980
4982
4984
4986
4990
4991
4992
4994
4996
5000
5001
5002
5004
5007
5008
5012
5013
5014
5016
5019
5020
5023
5024
5029
5030
5031
5032
5035
5036
5041
5042
5043
5044
5054
5071
5072
5073
5074
5075
5076
5083
5084
5085
5086
5087
5088
5093
5094
5095
5096
5100
5101
5102
5106
5107
5108
5112
5113
5114
5118
5119
5120
5123
5124
5127
5128
5131
5132
5135
5136
5139
5140
5143
5144
5146
5149
5150
5153
5154
5157
5158
5160
5162
5164
5166
5168
5172
5173
5174
5177
5178
5180
5182
5186
5187
5188
5190
5194
5195
5196
5198
5201
5202
5206
5207
5208
5212
5213
5214
5218
5219
5220
5223
5224
5229
5230
5231
5232
5237
5238
5239
5240
5265
5266
5278
5279
5280
5281
5282
5287
5288
5289
5290
5295
5296
5297
5298
5302
5303
5304
5308
5309
5310
5314
5315
5316
5320
5321
5322
5326
5327
5328
5331
5332
5335
5336
5339
5340
5343
5344
5347
5348
5350
5352
5355
5356
5359
5360
5363
5364
5367
5368
5371
5372
5375
5376
5378
5380
5382
5386
5387
5388
5390
5394
5395
5396
5398
5402
5403
5404
5408
5409
5410
5414
5415
5416
5420
5421
5422
5426
5427
5428
5432
5433
5434
5439
5440
5441
5442
5450
5480
5481
5482
5488
5489
5490
5491
5492
5497
5498
5499
5500
5504
5505
5506
5510
5511
5512
5515
5516
5519
5520
5523
5524
5528
5529
5530
5533
5534
5537
5538
5541
5542
5545
5546
5549
5550
5553
5554
5556
5558
5560
5562
5564
5566
5568
5572
5573
5574
5577
5578
5580
5584
5585
5586
5588
5592
5593
5594
5598
5599
5600
5602
5605
5606
5609
5610
5615
5616
5617
5618
5622
5623
5624
5631
5632
5673
5674
5675
5676
5682
5683
5684
5685
5686
5690
5691
5692
5697
5698
5699
5700
5704
5705
5706
5710
5711
5712
5715
5716
5719
5720
5724
5725
5726
5729
5730
5733
5734
5737
5738
5741
5742
5745
5746
5749
5750
5753
5754
5757
5758
5761
5762
5765
5766
5769
5770
5773
5774
5776
5780
5781
5782
5785
5786
5788
5792
5793
5794
5798
5799
5800
5802
5806
5807
5808
5812
5813
5814
5818
5819
5820
5825
5826
5827
5828
5887
5888
5889
5890
5895
5896
5897
5898
5903
5904
5905
5906
5910
5911
5912
5916
5917
5918
5922
5923
5924
5927
5928
5931
5932
5936
5937
5938
5941
5942
5945
5946
5949
5950
5953
5954
5957
5958
5961
5962
5964
5966
5968
5972
5973
5974
5977
5978
5981
5982
5984
5988
5989
5990
5993
5994
5998
5999
6000
6002
6006
6007
6008
6012
6013
6014
6018
6019
6020
6024
6025
6026
6034
6091
6092
6097
6098
6099
6100
6105
6106
6107
6108
6112
6113
6114
6118
6119
6120
6124
6125
6126
6129
6130
6134
6135
6136
6139
6140
6143
6144
6147
6148
6151
6152
6154
6157
6158
6161
6162
6165
6166
6169
6170
6172
6174
6178
6179
6180
6183
6184
6186
6190
6191
6192
6196
6197
6198
6201
6202
6206
6207
6208
6214
6220
6301
6302
6307
6308
6309
6310
6314
6315
6316
6320
6321
6322
6325
6326
6330
6331
6332
6336
6337
6338
6341
6342
6345
6346
6350
6351
6352
6355
6356
6359
6360
6363
6364
6367
6368
6371
6372
6375
6376
6379
6380
6384
6385
6386
6389
6390
6393
6394
6398
6399
6400
6404
6405
6406
6409
6410
6416
6510
6517
6518
6523
6524
6525
6526
6530
6531
6532
6536
6537
6538
6542
6543
6544
6547
6548
6551
6552
6556
6557
6558
6561
6562
6565
6566
6569
6570
6573
6574
6577
6578
6581
6582
6585
6586
6590
6591
6592
6595
6596
6599
6600
6606
6719
6720
6724
6725
6726
6730
6731
6732
6736
6737
6738
6742
6743
6744
6747
6748
6752
6753
6754
6757
6758
6761
6762
6765
6766
6769
6770
6773
6774
6777
6778
6781
6782
6786
6787
6788
6791
6792
6800
6913
6914
6919
6920
6921
6922
6926
6927
6928
6932
6933
6934
6938
6939
6940
6944
6945
6946
6950
6951
6952
6956
6957
6958
6961
6962
6965
6966
6969
6970
6975
6976
6977
6978
6982
6983
6984
6987
6996
7112
7119
7120
7125
7126
7130
7131
7132
7136
7137
7138
7141
7142
7146
7147
7148
7152
7153
7154
7158
7159
7160
7164
7166
7310
7317
7318
7325
7326
7332
7338
