1
2
3
4
5
6
7
8
9
10
11
12
13
14
15
16
17
18
19
20
21
22
23
24
25
26
27
28
29
30
31
32
33
34
35
36
37
38
39
41
42
43
44
45
46
47
48
49
50
51
53
54
55
56
57
58
59
60
61
62
65
66
67
68
69
70
71
72
73
77
78
79
80
81
82
83
84
89
90
91
92
93
94
95
101
102
103
104
105
106
129
130
131
132
133
134
135
136
137
138
139
140
141
142
143
144
145
146
147
148
149
150
151
152
153
154
155
156
157
158
159
160
161
162
163
164
165
166
167
168
169
170
171
172
173
174
175
176
177
178
179
180
181
182
183
187
188
189
190
191
192
195
196
197
198
199
205
206
207
208
213
214
215
216
221
222
223
224
229
230
231
232
237
238
239
240
245
246
247
248
249
255
256
257
258
313
314
315
316
317
318
319
320
321
322
323
324
325
326
327
328
329
330
331
332
333
334
335
336
337
338
339
340
341
342
343
344
345
346
347
348
349
350
351
352
353
354
355
356
357
358
359
360
361
362
363
364
365
366
367
368
369
370
371
372
373
374
375
376
377
378
380
381
382
383
387
388
389
390
391
397
398
399
403
404
405
409
410
411
415
416
417
421
422
423
427
428
429
433
434
435
436
441
442
443
444
449
450
451
457
517
518
519
520
521
522
523
524
525
526
527
528
529
530
531
532
533
534
535
536
537
538
539
540
541
542
543
544
545
546
547
548
549
550
551
552
553
554
555
556
557
558
559
560
561
562
563
564
565
566
567
568
569
570
571
572
573
574
575
576
577
578
579
580
581
582
583
584
585
586
587
588
593
594
597
598
601
602
603
604
609
610
611
615
616
617
621
622
623
627
628
629
633
634
637
638
639
643
644
645
649
650
651
655
713
714
715
716
717
718
719
720
721
722
723
724
725
726
727
728
729
730
731
732
733
734
735
736
737
738
739
740
741
742
743
744
745
746
747
748
749
750
751
752
753
754
755
756
757
758
759
760
761
762
763
764
765
766
767
768
769
770
771
772
773
774
775
776
777
778
779
780
781
782
783
784
785
786
787
788
789
790
793
794
797
798
799
800
805
806
807
811
812
815
816
819
820
823
824
827
828
829
833
834
835
839
840
841
845
846
847
851
852
853
857
858
859
863
925
926
927
928
929
930
931
932
933
934
935
936
937
938
939
940
941
942
943
944
945
946
947
948
949
950
951
952
953
954
955
956
957
958
959
960
961
962
963
964
965
966
967
968
969
970
971
972
973
974
975
976
977
978
979
980
981
982
983
984
985
986
987
988
989
990
991
992
993
994
995
996
997
998
1001
1002
1005
1006
1007
1011
1012
1015
1016
1019
1020
1023
1024
1027
1028
1031
1032
1035
1036
1039
1040
1041
1045
1046
1049
1050
1051
1055
1056
1057
1061
1121
1122
1123
1124
1125
1126
1127
1128
1129
1130
1131
1132
1133
1134
1135
1136
1137
1138
1139
1140
1141
1142
1143
1144
1145
1146
1147
1148
1149
1150
1151
1152
1153
1154
1155
1156
1157
1158
1159
1160
1161
1162
1163
1164
1165
1166
1167
1168
1169
1170
1171
1172
1173
1174
1175
1176
1177
1178
1179
1180
1181
1182
1183
1184
1185
1186
1187
1188
1189
1190
1191
1192
1193
1194
1195
1196
1197
1201
1202
1205
1206
1209
1210
1211
1215
1216
1219
1220
1223
1224
1227
1228
1231
1232
1235
1236
1239
1240
1243
1244
1245
1249
1250
1253
1254
1257
1258
1259
1263
1333
1334
1335
1336
1337
1338
1339
1340
1341
1342
1343
1344
1345
1346
1347
1348
1349
1350
1351
1352
1353
1354
1355
1356
1357
1358
1359
1360
1361
1362
1363
1364
1365
1366
1367
1368
1369
1370
1371
1372
1373
1374
1375
1376
1377
1378
1379
1380
1381
1382
1383
1384
1385
1386
1387
1388
1389
1390
1391
1392
1393
1394
1395
1396
1397
1398
1399
1400
1401
1402
1403
1404
1405
1409
1410
1411
1415
1416
1419
1420
1423
1424
1425
1429
1430
1433
1434
1437
1438
1441
1442
1445
1446
1449
1450
1453
1454
1457
1458
1459
1463
1464
1467
1468
1471
1549
1550
1551
1552
1553
1554
1555
1556
1557
1558
1559
1560
1561
1562
1563
1564
1565
1566
1567
1568
1569
1570
1571
1572
1573
1574
1575
1576
1577
1578
1579
1580
1581
1582
1583
1584
1585
1586
1587
1588
1589
1590
1591
1592
1593
1594
1595
1596
1597
1598
1599
1600
1601
1602
1603
1604
1605
1606
1609
1610
1611
1615
1616
1619
1620
1621
1625
1627
1628
1629
1633
1634
1637
1639
1641
1642
1643
1647
1648
1651
1652
1655
1656
1659
1660
1663
1665
1666
1669
1670
1753
1754
1755
1756
1757
1758
1759
1760
1761
1762
1763
1764
1765
1766
1767
1768
1769
1770
1771
1772
1773
1774
1775
1776
1777
1778
1779
1780
1781
1782
1783
1784
1785
1786
1787
1788
1789
1790
1791
1792
1793
1794
1795
1796
1797
1798
1799
1800
1803
1804
1805
1809
1810
1811
1815
1817
1818
1819
1823
1824
1825
1829
1830
1833
1835
1836
1837
1841
1842
1845
1846
1849
1851
1853
1855
1857
1858
1861
1862
1865
1866
1953
1954
1955
1956
1957
1958
1959
1960
1961
1962
1963
1964
1965
1966
1967
1968
1969
1970
1971
1972
1973
1974
1975
1976
1977
1978
1979
1980
1981
1982
1983
1984
1985
1986
1987
1988
1989
1990
1991
1992
1993
1994
1995
1996
1997
1998
1999
2000
2001
2005
2006
2007
2011
2012
2013
2017
2019
2020
2021
2025
2026
2027
2031
2033
2034
2035
2039
2040
2043
2045
2046
2047
2051
2052
2055
2056
2059
2060
2063
2064
2067
2068
2071
2072
2075
2076
2079
2173
2174
2175
2176
2177
2178
2179
2180
2181
2182
2183
2184
2185
2186
2187
2188
2189
2190
2191
2192
2193
2194
2195
2196
2197
2198
2199
2200
2201
2202
2203
2204
2205
2206
2207
2208
2209
2210
2213
2214
2217
2218
2221
2222
2225
2226
2227
2231
2232
2233
2237
2239
2240
2241
2245
2247
2248
2249
2253
2254
2257
2259
2261
2263
2265
2267
2269
2271
2357
2358
2359
2360
2361
2362
2363
2364
2365
2366
2367
2368
2369
2370
2371
2372
2373
2374
2375
2376
2377
2378
2379
2380
2381
2382
2383
2384
2385
2386
2387
2388
2389
2390
2391
2392
2393
2394
2395
2399
2400
2401
2405
2406
2407
2411
2412
2413
2417
2418
2419
2423
2424
2425
2429
2431
2432
2433
2437
2439
2440
2441
2445
2447
2449
2451
2452
2453
2457
2458
2461
2462
2465
2466
2469
2470
2473
2474
2477
2573
2574
2575
2576
2577
2578
2579
2580
2581
2582
2583
2584
2585
2586
2587
2588
2589
2590
2591
2592
2593
2594
2595
2596
2599
2600
2601
2602
2607
2608
2611
2612
2613
2614
2619
2620
2621
2625
2626
2627
2631
2633
2634
2637
2638
2639
2643
2645
2646
2647
2651
2653
2655
2656
2657
2661
2662
2665
2667
2669
2671
2673
2675
2769
2770
2771
2772
2773
2774
2775
2776
2777
2778
2779
2780
2781
2782
2785
2786
2787
2788
2789
2795
2796
2799
2800
2801
2802
2807
2808
2811
2812
2815
2816
2819
2820
2821
2825
2827
2828
2831
2832
2833
2837
2839
2841
2842
2843
2847
2849
2851
2853
2855
2857
2859
2861
2945
2946
2947
2948
2949
2950
2951
2952
2953
2954
2955
2956
2957
2959
2960
2961
2962
2963
2964
2971
2972
2973
2977
2978
2979
2980
2985
2986
2989
2990
2993
2994
2997
2998
3001
3002
3005
3006
3007
3011
3013
3014
3017
3019
3020
3021
3025
3027
3029
3031
3032
3033
3037
3038
3041
3042
3045
3046
3049
3050
3053
3054
3145
3146
3147
3148
3149
3150
3151
3152
3157
3158
3159
3160
3165
3166
3167
3168
3169
3175
3176
3179
3180
3181
3182
3187
3188
3189
3193
3194
3195
3199
3200
3201
3205
3207
3208
3211
3212
3213
3217
3219
3221
3222
3225
3227
3229
3230
3231
3235
3237
3239
3241
3243
3245
3337
3338
3339
3340
3341
3342
3351
3352
3353
3354
3355
3361
3362
3363
3367
3368
3371
3372
3373
3377
3378
3381
3382
3385
3386
3389
3391
3392
3395
3396
3399
3401
3402
3403
3407
3409
3411
3412
3413
3417
3419
3421
3423
3425
3427
3429
3513
3514
3515
3516
3517
3525
3526
3527
3528
3533
3534
3535
3539
3540
3541
3542
3547
3548
3551
3552
3555
3556
3559
3560
3563
3564
3565
3569
3571
3572
3575
3577
3578
3581
3583
3585
3586
3589
3591
3593
3595
3597
3599
3601
3603
3681
3682
3683
3684
3685
3693
3694
3695
3696
3701
3702
3703
3707
3708
3709
3713
3714
3717
3718
3721
3722
3725
3726
3729
3730
3733
3735
3736
3739
3741
3742
3745
3747
3749
3750
3753
3755
3757
3759
3761
3763
3765
3767
3841
3842
3843
3844
3845
3853
3854
3855
3856
3861
3862
3863
3867
3868
3869
3873
3874
3877
3878
3881
3882
3885
3886
3889
3890
3893
3895
3896
3899
3901
3902
3905
3907
3909
3910
3913
3915
3917
3919
3921
3923
3925
3927
4001
4002
4003
4004
4013
4014
4015
4016
4021
4022
4023
4027
4028
4029
4033
4034
4037
4038
4041
4042
4045
4046
4049
4050
4053
4055
4056
4059
4061
4062
4065
4067
4069
4070
4073
4075
4077
4079
4081
4083
4085
4087
4161
4162
4163
4173
4174
4175
4176
4181
4182
4183
4187
4188
4189
4193
4194
4195
4199
4200
4203
4204
4207
4208
4211
4212
4215
4216
4219
4220
4223
4225
4226
4229
4231
4233
4234
4237
4239
4241
4243
4245
4247
4249
4251
4329
4330
4331
4341
4342
4343
4344
4345
4351
4352
4353
4354
4359
4360
4363
4364
4365
4369
4370
4373
4374
4377
4378
4381
4383
4384
4387
4388
4391
4393
4394
4397
4398
4401
4403
4404
4407
4408
4411
4413
4415
4417
4419
4421
4423
4515
4516
4517
4518
4525
4526
4527
4528
4533
4534
4535
4539
4540
4541
4545
4546
4547
4551
4552
4553
4557
4558
4559
4563
4564
4567
4568
4571
4572
4575
4576
4579
4581
4582
4585
4587
4589
4590
4593
4594
4597
4599
4601
4603
4605
4703
4704
4705
4706
4719
4720
4721
4722
4727
4728
4729
4733
4734
4735
4739
4740
4743
4744
4747
4748
4751
4752
4755
4756
4759
4760
4763
4764
4767
4769
4770
4773
4774
4777
4779
4781
4782
4785
4786
4789
4790
4793
4794
4797
4798
4889
4903
4904
4905
4906
4913
4914
4915
4919
4920
4921
4925
4926
4927
4931
4932
4935
4936
4939
4940
4943
4944
4947
4948
4951
4952
4955
4956
4959
4961
4962
4965
4966
4969
4971
4973
4975
4977
4979
5077
5078
5089
5090
5091
5092
5097
5098
5099
5103
5104
5105
5109
5110
5111
5115
5116
5117
5121
5122
5125
5126
5129
5130
5133
5134
5137
5138
5145
5147
5151
5283
5284
5291
5292
5293
5294
5299
5300
5301
5305
5306
5307
5311
5312
5313
5317
5318
5319
5323
5324
5325
5329
5330
5333
5334
5493
5494
5501
5502
5503
5507
5508
5509
5513
5514
5517
5518
5521
5522
5525
5526
5527
5693
5694
5701
5702
5703
5707
5708
5713
5714
5717
5718
5919
