38
39
40
51
52
62
63
64
73
74
75
76
84
85
86
87
88
95
96
97
98
99
100
102
103
104
105
106
107
108
109
110
111
112
113
114
115
116
117
118
119
120
121
122
123
124
125
126
127
128
174
183
184
185
186
192
193
194
200
201
202
203
204
209
210
211
212
217
218
219
220
225
226
227
228
233
234
235
236
241
242
243
244
250
251
252
253
254
255
256
257
258
259
260
261
262
263
264
265
266
267
268
269
270
271
272
273
274
275
276
277
278
279
280
281
282
283
284
285
286
287
288
289
290
291
292
293
294
295
296
297
298
299
300
301
302
303
304
305
306
307
308
309
310
311
312
376
377
378
379
380
384
385
386
392
393
394
395
396
400
401
402
406
407
408
412
413
414
418
419
420
424
425
426
430
431
432
437
438
439
440
445
446
447
448
451
452
453
454
455
456
457
458
459
460
461
462
463
464
465
466
467
468
469
470
471
472
473
474
475
476
477
478
479
480
481
482
483
484
485
486
487
488
489
490
491
492
493
494
495
496
497
498
499
500
501
502
503
504
505
506
507
508
509
510
511
512
513
514
515
516
583
584
589
590
591
592
595
596
599
600
605
606
607
608
612
613
614
618
619
620
624
625
626
630
631
632
635
636
640
641
642
646
647
648
651
652
653
654
655
656
657
658
659
660
661
662
663
664
665
666
667
668
669
670
671
672
673
674
675
676
677
678
679
680
681
682
683
684
685
686
687
688
689
690
691
692
693
694
695
696
697
698
699
700
701
702
703
704
705
706
707
708
709
710
711
712
789
790
791
792
795
796
801
802
803
804
808
809
810
813
814
817
818
821
822
825
826
830
831
832
836
837
838
842
843
844
848
849
850
854
855
856
859
860
861
862
863
864
865
866
867
868
869
870
871
872
873
874
875
876
877
878
879
880
881
882
883
884
885
886
887
888
889
890
891
892
893
894
895
896
897
898
899
900
901
902
903
904
905
906
907
908
909
910
911
912
913
914
915
916
917
918
919
920
921
922
923
924
995
996
999
1000
1003
1004
1008
1009
1010
1013
1014
1017
1018
1021
1022
1025
1026
1029
1030
1033
1034
1037
1038
1042
1043
1044
1047
1048
1052
1053
1054
1058
1059
1060
1061
1062
1063
1064
1065
1066
1067
1068
1069
1070
1071
1072
1073
1074
1075
1076
1077
1078
1079
1080
1081
1082
1083
1084
1085
1086
1087
1088
1089
1090
1091
1092
1093
1094
1095
1096
1097
1098
1099
1100
1101
1102
1103
1104
1105
1106
1107
1108
1109
1110
1111
1112
1113
1114
1115
1116
1117
1118
1119
1120
1194
1198
1199
1200
1203
1204
1207
1208
1212
1213
1214
1217
1218
1221
1222
1225
1226
1229
1230
1233
1234
1237
1238
1241
1242
1246
1247
1248
1251
1252
1255
1256
1257
1258
1260
1261
1262
1263
1264
1265
1266
1267
1268
1269
1270
1271
1272
1273
1274
1275
1276
1277
1278
1279
1280
1281
1282
1283
1284
1285
1286
1287
1288
1289
1290
1291
1292
1293
1294
1295
1296
1297
1298
1299
1300
1301
1302
1303
1304
1305
1306
1307
1308
1309
1310
1311
1312
1313
1314
1315
1316
1317
1318
1319
1320
1321
1322
1323
1324
1325
1326
1327
1328
1329
1330
1331
1332
1402
1406
1408
1412
1417
1418
1421
1422
1426
1431
1432
1435
1436
1439
1440
1443
1444
1447
1448
1451
1452
1455
1456
1460
1461
1462
1465
1466
1468
1469
1470
1471
1472
1473
1474
1475
1476
1477
1478
1479
1480
1481
1482
1483
1484
1485
1486
1487
1488
1489
1490
1491
1492
1493
1494
1495
1496
1497
1498
1499
1500
1501
1502
1503
1504
1505
1506
1507
1508
1509
1510
1511
1512
1513
1514
1515
1516
1517
1518
1519
1520
1521
1522
1523
1524
1525
1526
1527
1528
1529
1530
1531
1532
1533
1534
1535
1536
1537
1538
1539
1540
1541
1542
1543
1544
1545
1546
1547
1548
1644
1649
1650
1653
1654
1657
1658
1661
1662
1664
1667
1668
1669
1670
1671
1672
1673
1674
1675
1676
1677
1678
1679
1680
1681
1682
1683
1684
1685
1686
1687
1688
1689
1690
1691
1692
1693
1694
1695
1696
1697
1698
1699
1700
1701
1702
1703
1704
1705
1706
1707
1708
1709
1710
1711
1712
1713
1714
1715
1716
1717
1718
1719
1720
1721
1722
1723
1724
1725
1726
1727
1728
1729
1730
1731
1732
1733
1734
1735
1736
1737
1738
1739
1740
1741
1742
1743
1744
1745
1746
1747
1748
1749
1750
1751
1752
1856
1859
1860
1863
1864
1865
1866
1867
1868
1869
1870
1871
1872
1873
1874
1875
1877
1878
1879
1881
1882
1883
1884
1886
1887
1888
1889
1890
1891
1892
1893
1894
1895
1896
1897
1898
1899
1900
1901
1902
1903
1904
1905
1906
1907
1908
1909
1910
1911
1912
1913
1914
1915
1916
1917
1918
1919
1920
1921
1922
1923
1924
1925
1926
1927
1928
1929
1930
1931
1932
1933
1934
1935
1936
1937
1938
1939
1940
1941
1942
1943
1944
1945
1946
1947
1948
1949
1950
1951
1952
2069
2073
2077
2079
2080
2083
2084
2087
2088
2091
2092
2095
2096
2099
2100
2101
2102
2104
2105
2106
2107
2108
2109
2110
2111
2112
2113
2114
2115
2116
2117
2118
2119
2120
2121
2122
2123
2124
2125
2126
2127
2128
2129
2130
2131
2132
2133
2134
2135
2136
2137
2138
2139
2140
2141
2142
2143
2144
2145
2146
2147
2148
2149
2150
2151
2152
2153
2154
2155
2156
2157
2158
2159
2160
2161
2162
2163
2164
2165
2166
2167
2168
2169
2170
2171
2172
2271
2273
2274
2277
2278
2281
2282
2285
2286
2289
2290
2293
2294
2297
2298
2299
2300
2303
2304
2305
2306
2307
2308
2309
2310
2311
2312
2313
2314
2315
2316
2317
2318
2319
2320
2321
2322
2323
2324
2325
2326
2327
2328
2329
2330
2331
2332
2333
2334
2335
2336
2337
2338
2339
2340
2341
2342
2343
2344
2345
2346
2347
2348
2349
2350
2351
2352
2353
2354
2355
2356
2477
2478
2481
2483
2485
2486
2489
2490
2493
2494
2497
2498
2501
2502
2505
2506
2507
2508
2511
2512
2513
2514
2516
2517
2518
2519
2520
2521
2522
2523
2524
2525
2526
2527
2528
2529
2530
2531
2532
2533
2534
2535
2536
2537
2538
2539
2540
2541
2542
2543
2544
2545
2546
2547
2548
2549
2550
2551
2552
2553
2554
2555
2556
2557
2558
2559
2560
2561
2562
2563
2564
2565
2566
2567
2568
2569
2570
2571
2572
2675
2677
2678
2681
2682
2685
2686
2689
2691
2692
2695
2696
2699
2700
2703
2704
2707
2708
2711
2712
2715
2716
2717
2718
2721
2722
2723
2724
2726
2727
2728
2729
2730
2731
2732
2733
2734
2735
2736
2737
2738
2739
2740
2741
2742
2743
2744
2745
2746
2747
2748
2749
2750
2751
2752
2753
2754
2755
2756
2757
2758
2759
2760
2761
2762
2763
2764
2765
2766
2767
2768
2861
2863
2865
2867
2868
2871
2872
2875
2877
2878
2881
2882
2885
2886
2889
2890
2893
2894
2897
2898
2901
2902
2903
2905
2906
2907
2908
2909
2910
2911
2912
2913
2914
2915
2916
2917
2918
2919
2920
2921
2922
2923
2924
2925
2926
2927
2928
2929
2930
2931
2932
2933
2934
2935
2936
2937
2938
2939
2940
2941
2942
2943
2944
3053
3054
3057
3058
3061
3063
3065
3066
3069
3070
3073
3075
3076
3079
3080
3083
3084
3087
3088
3091
3092
3095
3096
3099
3100
3101
3103
3104
3105
3106
3107
3108
3109
3110
3111
3112
3113
3114
3115
3116
3117
3118
3119
3120
3121
3122
3123
3124
3125
3126
3127
3128
3129
3130
3131
3132
3133
3134
3135
3136
3137
3138
3139
3140
3141
3142
3143
3144
3245
3247
3248
3251
3252
3255
3257
3259
3260
3263
3265
3266
3269
3270
3273
3274
3277
3278
3281
3282
3283
3287
3288
3289
3293
3294
3295
3299
3300
3301
3302
3303
3305
3306
3307
3308
3309
3310
3311
3312
3313
3314
3315
3316
3317
3318
3319
3320
3321
3322
3323
3324
3325
3326
3327
3328
3329
3330
3331
3332
3333
3334
3335
3336
3429
3431
3433
3434
3437
3438
3441
3443
3444
3447
3448
3451
3453
3454
3457
3458
3461
3463
3464
3467
3468
3471
3472
3475
3476
3477
3478
3481
3482
3483
3484
3485
3486
3487
3488
3489
3490
3491
3492
3493
3494
3495
3496
3497
3498
3499
3500
3501
3502
3503
3504
3505
3506
3507
3508
3509
3510
3511
3512
3603
3605
3607
3608
3611
3613
3615
3616
3619
3621
3622
3625
3626
3629
3630
3633
3634
3637
3638
3641
3642
3645
3646
3647
3651
3652
3653
3654
3655
3657
3658
3659
3660
3661
3662
3663
3664
3665
3666
3667
3668
3669
3670
3671
3672
3673
3674
3675
3676
3677
3678
3679
3680
3767
3769
3771
3772
3775
3777
3779
3780
3783
3785
3786
3789
3791
3792
3795
3796
3799
3800
3803
3804
3807
3808
3811
3812
3813
3814
3817
3818
3819
3820
3821
3822
3823
3824
3825
3826
3827
3828
3829
3830
3831
3832
3833
3834
3835
3836
3837
3838
3839
3840
3927
3929
3931
3932
3935
3937
3939
3940
3943
3945
3946
3949
3951
3952
3955
3956
3959
3960
3963
3964
3967
3968
3971
3972
3973
3977
3978
3979
3980
3981
3983
3984
3985
3986
3987
3988
3989
3990
3991
3992
3993
3994
3995
3996
3997
3998
3999
4000
4087
4089
4091
4092
4095
4097
4099
4100
4103
4105
4106
4109
4111
4112
4115
4116
4119
4120
4123
4124
4127
4128
4131
4132
4133
4137
4138
4139
4140
4143
4144
4145
4146
4147
4148
4149
4150
4151
4152
4153
4154
4155
4156
4157
4158
4159
4160
4251
4253
4255
4256
4259
4261
4263
4264
4267
4269
4270
4273
4274
4275
4279
4281
4282
4285
4286
4289
4290
4293
4294
4295
4296
4301
4302
4305
4306
4307
4311
4312
4313
4314
4319
4320
4321
4322
4323
4324
4421
4423
4425
4426
4427
4431
4433
4435
4436
4437
4441
4443
4445
4446
4449
4450
4453
4455
4456
4459
4460
4463
4464
4467
4468
4469
4473
4474
4477
4478
4479
4480
4481
4487
4488
4489
4490
4491
4497
4498
4499
4500
4605
4607
4608
4609
4613
4615
4617
4619
4620
4623
4625
4626
4627
4631
4633
4634
4637
4638
4639
4643
4644
4645
4649
4650
4651
4655
4656
4657
4661
4662
4665
4666
4667
4668
4673
4674
4675
4679
4680
4681
4682
4683
4684
4691
4692
4797
4798
4801
4802
4805
4807
4809
4811
4812
4813
4817
4819
4821
4822
4825
4826
4827
4831
4833
4834
4837
4838
4841
4842
4845
4846
4849
4850
4851
4852
4857
4858
4861
4862
4863
4864
4865
4871
4872
4873
4874
4979
4981
4983
4985
4987
4988
4989
4993
4995
4997
4998
4999
5003
5005
5006
5009
5010
5011
5015
5017
5018
5021
5022
5025
5026
5027
5028
5033
5034
5037
5038
5039
5047
5167
5169
5170
5171
5175
5176
5179
5181
5183
5184
5185
5189
5191
5192
5193
5197
5199
5200
5203
5204
5205
5209
5210
5211
5215
5216
5217
5221
5222
5225
5226
5373
5377
5379
5381
5383
5384
5385
5389
5391
5392
5393
5397
5399
5400
5401
5405
5406
5407
5411
5412
5413
5417
5418
5419
5423
5569
5575
5576
5579
5581
5582
5583
5587
5589
5590
5591
5595
5601
5603
5604
5607
5608
5789
5803
5805
5809
